set(379,0;91,1;526,2;556,3;722,4;114,5;546,6;102,7;586,8;283,9;735,10;719,11;116,12;122,13;518,14;561,15;439,16;301,17;111,18;160,19;146,20;845,21;731,22;473,23;650,24;951,25;904,26;330,27;289,28;974,29;894,30;646,31;391,32;627,33;253,34;789,35;835,36;788,37;655,38;171,39;381,40;589,41;967,42;801,43;835,44;572,45;722,46;384,47;488,48;765,49;982,50;210,51;18,52;526,53;0,54;843,55;659,56;593,57;184,58;865,59;137,60;845,61;706,62;439,63;842,64;404,65;138,66;247,67;529,68;820,69;110,70;474,71;662,72;85,73;319,74;591,75;528,76;527,77;455,78;44,79;361,80;57,81;7,82;18,83;9,84;375,85;398,86;978,87;29,88;779,89;20,90;357,91;532,92;681,93;259,94;114,95;796,96;972,97;505,98;135,99;700,100;522,101;680,102;674,103;762,104;884,105;722,106;217,107;332,108;26,109;418,110;801,111;757,112;538,113;580,114;126,115;835,116;259,117;352,118;308,119;899,120;835,121;33,122;451,123;637,124;985,125;134,126;603,127;924,128;783,129;382,130;634,131;264,132;128,133;307,134;449,135;964,136;850,137;248,138;695,139;382,140;478,141;89,142;335,143;750,144;823,145;101,146;166,147;129,148;348,149;453,150;725,151;750,152;291,153;407,154;279,155;82,156;972,157;332,158)
insertion()
shell(7,5,3)
shell(2)
shell(9,3,1)
merge_sort()
quick_sort()
partition(0)
partition(53)
partition(79)
partition(158)
set(559,0;562,1;108,2;480,3;942,4;315,5;430,6;527,7;654,8;759,9;674,10;721,11;43,12;885,13;764,14;840,15;209,16;330,17;404,18;206,19;809,20;44,21;809,22;29,23;914,24;755,25;141,26;36,27;418,28;266,29;464,30;333,31;806,32;53,33;547,34;600,35;852,36;553,37;431,38;25,39;367,40;941,41;159,42;83,43;82,44;250,45;635,46;610,47;379,48;69,49;204,50;791,51;664,52;917,53;566,54;687,55;278,56;482,57;884,58;916,59;873,60;460,61;457,62;990,63;886,64;975,65;590,66;852,67;305,68;914,69;415,70;510,71;492,72;119,73;236,74;735,75;479,76;596,77;204,78;536,79;746,80;501,81;203,82;166,83;403,84;302,85;719,86;900,87;369,88;967,89;960,90;722,91;226,92;862,93;759,94;437,95;531,96;849,97;170,98;155,99;54,100)
insertion()
shell(7,5,3)
shell(2)
shell(9,3,1)
merge_sort()
quick_sort()
partition(0)
partition(33)
partition(50)
partition(100)
set(196,0;852,1;926,2;515,3;118,4;468,5;330,6;59,7;136,8;421,9;833,10;513,11;309,12;204,13;774,14;185,15;985,16;234,17;870,18;629,19;689,20;475,21;231,22;708,23;175,24;207,25;490,26)
insertion()
shell(7,5,3)
shell(2)
shell(9,3,1)
merge_sort()
quick_sort()
partition(0)
partition(9)
partition(13)
partition(26)
set(162,0;342,1;322,2;419,3;251,4;279,5;818,6;722,7;250,8;242,9;160,10;887,11;959,12;839,13;954,14;986,15;83,16;997,17;672,18;55,19;727,20;59,21;803,22;223,23;757,24;324,25;748,26;94,27;744,28;238,29;911,30;64,31;611,32;92,33;149,34;221,35;99,36;323,37;860,38;209,39;244,40;367,41;99,42;173,43;372,44;676,45;261,46;879,47;590,48;184,49;266,50;732,51;768,52;209,53;945,54;904,55;915,56;994,57;563,58;239,59;228,60;372,61;885,62;721,63;284,64;452,65;651,66;586,67;478,68;609,69;946,70;257,71;934,72;198,73;816,74;474,75;907,76;457,77;554,78;132,79;672,80;728,81;853,82;161,83;787,84;743,85;136,86;590,87;663,88;762,89;337,90;854,91;182,92;649,93;456,94;60,95;844,96;289,97;645,98;334,99;203,100;384,101;148,102;811,103;113,104;654,105;798,106;606,107;239,108;181,109;35,110;382,111;663,112;255,113;512,114;147,115;877,116;237,117;396,118;167,119;925,120;879,121;4,122;790,123;689,124;104,125;454,126;523,127;93,128;479,129;941,130;621,131;85,132;786,133;854,134;779,135;405,136;952,137;799,138;223,139;527,140;849,141;134,142;750,143;396,144;559,145;804,146;899,147;310,148;798,149;821,150;596,151;648,152;271,153;52,154;129,155;619,156;667,157;181,158;845,159;117,160;47,161;709,162;167,163;720,164;361,165;55,166;638,167;168,168;889,169;928,170;882,171;744,172;231,173;825,174;818,175;179,176;468,177;750,178;721,179;986,180;835,181)
insertion()
shell(7,5,3)
shell(2)
shell(9,3,1)
merge_sort()
quick_sort()
partition(0)
partition(60)
partition(91)
partition(181)
set(564,0;765,1;750,2;256,3;458,4;512,5;233,6;710,7;651,8;96,9;916,10;674,11;903,12;655,13;126,14;378,15;948,16;130,17;546,18;514,19;452,20;376,21;61,22;472,23;807,24;143,25;651,26;319,27;379,28;6,29;930,30;560,31;425,32;524,33;244,34;636,35;338,36;157,37;697,38;235,39;604,40;756,41;98,42;253,43;946,44;213,45;246,46;515,47;411,48;740,49;80,50;487,51;808,52;425,53;322,54;385,55;661,56;612,57;262,58)
insertion()
shell(7,5,3)
shell(2)
shell(9,3,1)
merge_sort()
quick_sort()
partition(0)
partition(19)
partition(29)
partition(58)
set(156,0;728,1;761,2;969,3;594,4;624,5;296,6;368,7;535,8;178,9;12,10;743,11;709,12;394,13;441,14;312,15;247,16;229,17;265,18;248,19;88,20;621,21;741,22;50,23;496,24;528,25;670,26;559,27;937,28;361,29;164,30;756,31;98,32;256,33;646,34;268,35;990,36;918,37;863,38;129,39;92,40;801,41;184,42;22,43;314,44;174,45;890,46;395,47;40,48;36,49;761,50;491,51;277,52;985,53;805,54;202,55;856,56;283,57;1,58;712,59;195,60;860,61;806,62;551,63;159,64;828,65;625,66;153,67;937,68;623,69;38,70;764,71;558,72;739,73;260,74;969,75;364,76;691,77;827,78;136,79;526,80;645,81;235,82;830,83;60,84;36,85;689,86;593,87;815,88;374,89;207,90;828,91)
insertion()
shell(7,5,3)
shell(2)
shell(9,3,1)
merge_sort()
quick_sort()
partition(0)
partition(30)
partition(46)
partition(91)
set(399,0;139,1)
insertion()
shell(7,5,3)
shell(2)
shell(9,3,1)
merge_sort()
quick_sort()
partition(0)
partition(0)
partition(1)
partition(1)
set(62,0;454,1;454,2)
insertion()
shell(7,5,3)
shell(2)
shell(9,3,1)
merge_sort()
quick_sort()
partition(0)
partition(1)
partition(1)
partition(2)
set(199,0;608,1;430,2;195,3;596,4;808,5;106,6;788,7;505,8;806,9;976,10;635,11;374,12;320,13;23,14;7,15;830,16;837,17;67,18;87,19;101,20;106,21;29,22;480,23;542,24;174,25;952,26;858,27;367,28;267,29;298,30;334,31;610,32;287,33;404,34;14,35;937,36;923,37;219,38;943,39;518,40;647,41;810,42;314,43;407,44;328,45;327,46;554,47;445,48;644,49;577,50;295,51;846,52;904,53;63,54;349,55;932,56;928,57;824,58;660,59;448,60;485,61;425,62;933,63;351,64;161,65;259,66;141,67;934,68;506,69;816,70;342,71;280,72;472,73;960,74;757,75;830,76;426,77;894,78;38,79;822,80;341,81;303,82;298,83;26,84;580,85;479,86;729,87;976,88;703,89;925,90;354,91;259,92;827,93;898,94;115,95;729,96;415,97;282,98;89,99;617,100;886,101;155,102;753,103;526,104;397,105;196,106;750,107;658,108;758,109;617,110;545,111;58,112;870,113;490,114;172,115;700,116;264,117;195,118;335,119;253,120;561,121;981,122;377,123;96,124;394,125;421,126;333,127;194,128;476,129;854,130;783,131;503,132;72,133;138,134;161,135;618,136;266,137;723,138;851,139;326,140;503,141;827,142;343,143;112,144;870,145;513,146;69,147;667,148;990,149;855,150;196,151;259,152;342,153;458,154;878,155;659,156;952,157;294,158;727,159;804,160;470,161;998,162;924,163;795,164;921,165;543,166;810,167;761,168;192,169;557,170;893,171;854,172;989,173;62,174;340,175;194,176;713,177;332,178;411,179;505,180;656,181;484,182;985,183;172,184;988,185;437,186;319,187;414,188;27,189;596,190;554,191;680,192;394,193;56,194;862,195;55,196;708,197;789,198;455,199;268,200;917,201;704,202;873,203;179,204;165,205;273,206;355,207;312,208;139,209;870,210;19,211;481,212;244,213;224,214;817,215;569,216;187,217;555,218;807,219;986,220;392,221;467,222;762,223;458,224;767,225;486,226;741,227;14,228;291,229;608,230;829,231;101,232;170,233;271,234;888,235;918,236;183,237;316,238;414,239;36,240;975,241;234,242;145,243;759,244;555,245;204,246;415,247;200,248;739,249;349,250;111,251;822,252;89,253;592,254;974,255;236,256;666,257;680,258;219,259;959,260;443,261;279,262;390,263;412,264;463,265;290,266;804,267;808,268;502,269;730,270;955,271;331,272;579,273;319,274;173,275;288,276;825,277;414,278;576,279;160,280;476,281;135,282;844,283;342,284;484,285;957,286;274,287;537,288;370,289;764,290;581,291;293,292;60,293;993,294;2,295;432,296;225,297;318,298;875,299;286,300;349,301;688,302;3,303;39,304;254,305;80,306;850,307;224,308;991,309;693,310;346,311;393,312;356,313;156,314;544,315;106,316;434,317;121,318;272,319;909,320;403,321;49,322;194,323;869,324;317,325;441,326;599,327;668,328;919,329;818,330;596,331;569,332;396,333;542,334;375,335;680,336;562,337;101,338;15,339;539,340;283,341;111,342;419,343;387,344;228,345;329,346;943,347;484,348;430,349;979,350;455,351;946,352;824,353;428,354;469,355;304,356;322,357;40,358;389,359;272,360;56,361;592,362;562,363;508,364;939,365;264,366;462,367;713,368;37,369;441,370;462,371;90,372;483,373;291,374;36,375;253,376;800,377;758,378;175,379;200,380;409,381;539,382;121,383;607,384;376,385;974,386;915,387;90,388;10,389;552,390;554,391;182,392;701,393;15,394;996,395;733,396;699,397;92,398;76,399;364,400;602,401;627,402;479,403;226,404;3,405;226,406;182,407;260,408;781,409;406,410;701,411;274,412;552,413;916,414;453,415;201,416;325,417;15,418;910,419;915,420;719,421;417,422;646,423;331,424;498,425;558,426;433,427;42,428;478,429;365,430;596,431;180,432;12,433;616,434;455,435;62,436;33,437;4,438;704,439;27,440;586,441;282,442;510,443;571,444;809,445;233,446;545,447;739,448;346,449;225,450;972,451;360,452;23,453;344,454;699,455;93,456;862,457;725,458;365,459;191,460;174,461;601,462;575,463;230,464;105,465;727,466;514,467;253,468;96,469;642,470;927,471;983,472;956,473;656,474;728,475;203,476;232,477;709,478;666,479;699,480;729,481;743,482;457,483;844,484;670,485;890,486;107,487;74,488;51,489;588,490;485,491;691,492;738,493;634,494;738,495;331,496;67,497;799,498;319,499;458,500;235,501;503,502;729,503;680,504;940,505;927,506;544,507;838,508;436,509;939,510;772,511;639,512;287,513;712,514;75,515;1000,516;633,517;455,518;564,519;310,520;552,521;422,522;533,523;582,524;572,525;251,526;353,527;539,528;120,529;429,530;241,531;886,532;94,533;868,534;164,535;113,536;299,537;260,538;66,539;846,540;356,541;396,542;53,543;719,544;745,545;746,546;843,547;483,548;344,549;172,550;951,551;264,552;103,553;446,554;570,555;841,556;13,557;795,558;838,559;671,560;580,561;771,562;567,563;110,564;641,565;835,566;584,567;580,568;87,569;316,570;764,571;325,572;103,573;840,574;796,575;300,576;929,577;417,578;685,579;966,580;764,581;977,582;866,583;333,584;608,585;333,586;657,587;144,588;314,589;785,590;841,591;624,592;142,593;920,594;846,595;426,596;403,597;818,598;884,599;640,600;350,601;527,602;226,603;163,604;462,605;536,606;146,607;339,608;949,609;353,610;671,611;275,612;807,613;306,614;256,615;267,616;10,617;625,618;249,619;552,620;210,621;560,622;103,623;118,624;948,625;768,626;451,627;308,628;606,629;528,630;722,631;114,632;367,633;29,634;48,635;793,636;180,637;164,638;438,639;575,640;122,641;88,642;116,643;15,644;417,645;301,646;637,647;178,648;890,649;716,650;603,651;505,652;851,653;541,654;412,655;513,656;107,657;20,658;834,659;705,660;837,661;755,662;390,663;759,664;536,665;67,666;796,667;635,668;896,669;767,670;99,671;30,672;288,673;323,674;15,675;283,676;104,677;74,678;110,679;376,680;59,681;959,682;280,683;138,684;685,685;467,686;285,687;963,688;547,689;436,690;546,691;223,692;267,693;488,694;962,695;604,696;188,697;797,698;889,699;877,700;920,701;649,702;1,703;463,704;472,705;59,706;622,707;937,708;574,709;306,710;390,711;950,712;650,713;205,714;7,715;796,716;30,717;868,718;284,719;843,720;759,721;154,722;318,723;48,724;62,725;409,726;614,727;314,728;734,729;885,730;371,731;941,732;135,733;993,734;610,735;254,736;273,737;806,738;615,739;487,740;832,741;563,742;781,743;643,744;504,745;990,746;400,747;869,748;771,749;82,750;557,751;865,752;529,753;58,754;623,755;96,756;319,757;559,758;694,759;642,760;626,761;296,762;7,763;978,764;166,765;971,766;499,767;524,768;114,769;331,770;844,771;39,772;622,773;361,774;731,775;635,776;225,777;541,778;727,779;878,780;968,781;82,782;848,783;52,784;852,785;995,786;52,787;508,788;242,789;801,790;968,791;532,792;175,793;48,794;844,795;282,796;377,797;32,798;520,799;731,800;277,801;907,802;456,803;757,804;917,805;773,806;89,807;119,808;232,809;991,810;6,811;711,812;696,813;319,814;58,815;907,816;930,817;742,818;354,819;637,820;986,821;253,822;764,823;696,824;648,825;998,826;460,827;430,828;44,829;191,830;358,831;139,832;472,833;921,834;320,835;187,836;480,837;113,838;787,839;174,840;943,841;946,842;522,843;997,844;16,845;939,846;515,847;119,848;533,849;449,850;418,851;573,852;477,853;862,854;464,855;339,856;635,857;12,858;173,859;31,860;315,861;576,862;470,863;798,864;920,865;166,866;476,867;866,868;443,869;743,870;996,871;781,872;948,873;31,874;652,875;376,876;528,877;502,878;307,879;644,880;663,881;512,882;293,883;808,884;314,885;501,886;505,887;695,888;785,889;168,890;540,891;15,892;985,893;600,894;312,895;327,896;31,897;874,898;980,899;22,900;972,901;379,902;6,903;89,904;564,905;328,906;415,907;910,908;901,909;783,910;407,911;306,912;808,913;778,914;913,915;112,916;224,917;127,918;717,919;456,920;831,921;912,922;917,923;756,924;494,925;773,926;219,927;150,928;599,929;621,930;14,931;770,932;548,933;205,934;987,935;162,936;75,937;160,938;61,939;968,940;296,941;110,942;548,943;930,944;425,945;700,946;149,947;905,948;128,949;922,950;471,951;946,952;437,953;379,954;783,955;991,956;826,957;57,958;760,959;715,960;57,961;524,962;897,963;520,964;975,965;839,966;442,967;187,968;6,969;725,970;3,971;95,972;418,973;999,974;429,975;201,976;692,977;608,978;359,979;445,980;403,981;765,982;411,983;54,984;128,985;147,986;991,987;621,988;486,989;194,990;622,991;927,992;448,993;389,994;136,995;249,996;563,997;162,998)
insertion()
shell(7,5,3)
shell(2)
shell(9,3,1)
merge_sort()
quick_sort()
partition(0)
partition(333)
partition(499)
partition(998)
set(114,0;272,1;69,2;498,3;38,4;958,5;173,6;265,7;316,8;120,9;780,10;526,11;897,12;807,13;877,14;227,15;71,16;435,17;339,18;754,19;920,20;94,21;803,22;212,23;253,24;360,25;732,26;289,27;333,28;393,29;980,30;172,31;623,32;182,33;235,34;17,35;334,36;278,37;833,38;190,39;416,40;836,41;351,42;914,43;291,44;305,45;251,46;142,47;826,48;741,49;798,50;750,51;792,52;386,53;857,54;415,55;660,56;534,57;652,58;159,59;253,60;790,61;778,62;96,63;556,64;370,65;174,66;365,67;13,68;678,69;655,70;649,71;725,72;621,73;358,74;527,75;854,76;431,77;414,78;177,79;995,80;631,81;478,82;225,83;340,84;71,85;47,86;624,87;337,88;165,89;609,90;240,91;62,92;191,93;303,94;55,95;589,96)
insertion()
shell(7,5,3)
shell(2)
shell(9,3,1)
merge_sort()
quick_sort()
partition(0)
partition(32)
partition(48)
partition(96)
set(552,0;382,1;139,2;959,3;702,4;919,5;827,6;971,7;175,8;115,9;189,10;496,11;139,12;393,13;239,14;796,15;75,16;577,17;332,18;437,19;744,20;706,21;756,22;451,23;216,24;807,25;738,26;703,27;94,28;294,29;674,30;805,31;377,32;59,33;919,34;351,35;82,36;324,37;880,38;656,39;343,40;964,41;562,42;840,43;984,44;732,45;427,46;699,47;917,48;974,49;936,50;596,51;516,52;814,53;384,54;483,55;735,56;991,57;250,58;472,59;5,60;113,61;821,62;869,63;755,64;795,65;270,66;181,67;375,68;85,69;133,70;348,71;431,72;242,73;300,74;860,75;370,76;584,77;353,78;216,79;293,80;266,81;59,82;425,83;307,84;673,85;603,86;554,87;83,88;241,89;431,90;319,91;599,92;742,93;450,94;784,95;650,96;786,97;228,98;158,99;244,100;139,101;991,102;983,103;913,104;571,105;790,106;711,107;250,108;856,109;321,110;492,111;36,112;185,113;698,114;170,115;662,116;813,117;296,118;267,119;730,120;900,121;626,122;976,123;629,124;72,125;524,126;229,127;279,128;681,129;321,130;577,131;404,132;244,133;529,134;802,135;121,136;609,137;437,138;53,139;73,140;567,141;922,142;435,143;989,144;347,145;556,146;666,147;260,148;405,149;39,150;495,151;413,152;426,153;353,154;327,155;810,156;917,157;774,158;960,159;421,160;133,161;95,162;937,163;198,164;552,165;752,166;933,167;382,168;340,169;853,170;119,171;666,172;953,173;682,174;601,175;841,176;595,177;407,178;988,179;154,180;709,181;653,182;300,183;786,184;583,185;543,186;326,187;688,188;1000,189;576,190;353,191;179,192;252,193;31,194;407,195;399,196;331,197;750,198;181,199;781,200;682,201;595,202;733,203;321,204;999,205;990,206;490,207;882,208;679,209;815,210;131,211;459,212;106,213;493,214;413,215;177,216;640,217;33,218;442,219;701,220;190,221;714,222;579,223;711,224;615,225;70,226;342,227;552,228;722,229;920,230;377,231;314,232;249,233;549,234;91,235;599,236;644,237;280,238;600,239;232,240;174,241;315,242;484,243;63,244;101,245;51,246;685,247;511,248;988,249;334,250;60,251;387,252;117,253;291,254;546,255;184,256;260,257;652,258;666,259;821,260;110,261;953,262;40,263;558,264;766,265;336,266;989,267;872,268;804,269;879,270;309,271;586,272;464,273;826,274;323,275;984,276;493,277;920,278;412,279;987,280;704,281;774,282;634,283;985,284;726,285;294,286;13,287;172,288;295,289;376,290;290,291;316,292;230,293;131,294;4,295;514,296;696,297;789,298;644,299;579,300;766,301;316,302;654,303;551,304;747,305;499,306;64,307;538,308;310,309;704,310;155,311;169,312;190,313;765,314;961,315;975,316;982,317;274,318;406,319;799,320;635,321)
insertion()
shell(7,5,3)
shell(2)
shell(9,3,1)
merge_sort()
quick_sort()
partition(0)
partition(107)
partition(161)
partition(321)
set(409,0;923,1;38,2;678,3;239,4;457,5;220,6;691,7;838,8;664,9;24,10;851,11;588,12;238,13;489,14;335,15;599,16;719,17;481,18;587,19;441,20;919,21;644,22;853,23;611,24;789,25;970,26;517,27;843,28;732,29;105,30;416,31;313,32;422,33;58,34;969,35;539,36;434,37;320,38;195,39;687,40;954,41;623,42;319,43;587,44;782,45;755,46;856,47;663,48;820,49;953,50;378,51;226,52;560,53;700,54;43,55;345,56;185,57;436,58;893,59;308,60;138,61;494,62;840,63;159,64;435,65;169,66;968,67;230,68;384,69;227,70;470,71;585,72;814,73;228,74;347,75;67,76;995,77;759,78;263,79;63,80;559,81;898,82;816,83;966,84;225,85;307,86;624,87;952,88;644,89;350,90;681,91;686,92;722,93;278,94;235,95;777,96;557,97;658,98;85,99;988,100;414,101;388,102;246,103;37,104;695,105;520,106;812,107;410,108;1,109;852,110;441,111;25,112;965,113;735,114;230,115;627,116;299,117;143,118;524,119;604,120;926,121;60,122;721,123;876,124;474,125;230,126;535,127;273,128;53,129;315,130;729,131;363,132;437,133;448,134;144,135;140,136;727,137;563,138;512,139;99,140;441,141;140,142;587,143;990,144;809,145;739,146;53,147;699,148;186,149;639,150;434,151;800,152;428,153;703,154;808,155;601,156;347,157;620,158;63,159;438,160;679,161;618,162;666,163;348,164;569,165;869,166;446,167;783,168;38,169;870,170;903,171;59,172;624,173;139,174;312,175;986,176;307,177;77,178;756,179;635,180;549,181;806,182;604,183;32,184;85,185;965,186;623,187;760,188;186,189;931,190;619,191;245,192;936,193;374,194;411,195;139,196;733,197;492,198;599,199;734,200;490,201;864,202;14,203;313,204;484,205;602,206;322,207;346,208;782,209;119,210;761,211;188,212;714,213;164,214;104,215;697,216;841,217;182,218;922,219;364,220;172,221;246,222;829,223;568,224;658,225;671,226;56,227;409,228;621,229;717,230;435,231;588,232;404,233;553,234;19,235;336,236;144,237;866,238;270,239;404,240;756,241;788,242;872,243;251,244;91,245;7,246;615,247;629,248;985,249;568,250;221,251;308,252;362,253;441,254;510,255;791,256;170,257;816,258;951,259;932,260;858,261;417,262;491,263;588,264;897,265;80,266;478,267;746,268;77,269;654,270;930,271;342,272;567,273;99,274;256,275;783,276;933,277;837,278;999,279;414,280;375,281;228,282;615,283;901,284;866,285;570,286;749,287;497,288;170,289;606,290;539,291;184,292;797,293;921,294;158,295;48,296;206,297;818,298;158,299;766,300;170,301;451,302;695,303;474,304;78,305;441,306;198,307;744,308;268,309;760,310;401,311;254,312;984,313;854,314;868,315;4,316;290,317;834,318;981,319;148,320;703,321;329,322;176,323;986,324;254,325;5,326;816,327;264,328;54,329;598,330;171,331;448,332;106,333;479,334;917,335;917,336;374,337;6,338;634,339;648,340;862,341;400,342;213,343;252,344;421,345;291,346;236,347;719,348;401,349;308,350;49,351;498,352;797,353;793,354;728,355;210,356;795,357;563,358;705,359;636,360;834,361;580,362;803,363;158,364;16,365;406,366;228,367;419,368;863,369;537,370;717,371;565,372;232,373;264,374;668,375;167,376;442,377;954,378;363,379;418,380;847,381;895,382;269,383;453,384;964,385;495,386;643,387;617,388;634,389;471,390;104,391;590,392;865,393;794,394;985,395;316,396;773,397;556,398;306,399;494,400;463,401;871,402;994,403;111,404;424,405;594,406;887,407;152,408;529,409;106,410;582,411;559,412;872,413;837,414;928,415;534,416;821,417;719,418;335,419;602,420;604,421;442,422;673,423;655,424;688,425;577,426;491,427;613,428;523,429;133,430;414,431;961,432;793,433;750,434;249,435;554,436;92,437;310,438;729,439;871,440;733,441;227,442;738,443;564,444;981,445;773,446;198,447;433,448;890,449;633,450;416,451;359,452;181,453;740,454;201,455;259,456;897,457;118,458;128,459;942,460;52,461;292,462;655,463;626,464;55,465;882,466;66,467;339,468;683,469;370,470;385,471;546,472;208,473;443,474;921,475;858,476;106,477;386,478;206,479;399,480;561,481;182,482;344,483;955,484;854,485;301,486;8,487;941,488;773,489;708,490;999,491;241,492;230,493;58,494;268,495;841,496;385,497;353,498;282,499;429,500;642,501;152,502;380,503;194,504;676,505;338,506;13,507;991,508;98,509;254,510;129,511;323,512;972,513;3,514;431,515;673,516;826,517;255,518;623,519;998,520;460,521;570,522;631,523;815,524;237,525;884,526;544,527;999,528;726,529;946,530;778,531;147,532;36,533;484,534;977,535;723,536;301,537;146,538;911,539;939,540;795,541;581,542;984,543;457,544;161,545;883,546;102,547;421,548;704,549;997,550;8,551;514,552;97,553;405,554;29,555;684,556;640,557;595,558;906,559;857,560;727,561;642,562;913,563;541,564;872,565;617,566;744,567;114,568;135,569;348,570;242,571;884,572;506,573;563,574;19,575;792,576;765,577;807,578;974,579;99,580;334,581;72,582;553,583;893,584;876,585;929,586;945,587;785,588;750,589;405,590;619,591;79,592;287,593;896,594;335,595;406,596;150,597;194,598;511,599;255,600;86,601;335,602;405,603;675,604;802,605;702,606;344,607;894,608;835,609;328,610;47,611;524,612;336,613;440,614;6,615;780,616;525,617;694,618;51,619;391,620;282,621;711,622;708,623;886,624;910,625;434,626;5,627;254,628;74,629;468,630;158,631;401,632;234,633;80,634;375,635;560,636;30,637;477,638;205,639;712,640;758,641;632,642;837,643;718,644;147,645;876,646;270,647;783,648;732,649;899,650;173,651;677,652;11,653;622,654;490,655;402,656;731,657;259,658;85,659;944,660;747,661;298,662;203,663;224,664;794,665;960,666;823,667;611,668;753,669;191,670;385,671;65,672;963,673;381,674;54,675;139,676;792,677;36,678;426,679;644,680;666,681;439,682;107,683;468,684;302,685;812,686;542,687;812,688;682,689;216,690;505,691;236,692;811,693;174,694;663,695;988,696;19,697;143,698;52,699;517,700;449,701;746,702;472,703;766,704;929,705;40,706;394,707;601,708;859,709;267,710;967,711;373,712;482,713;643,714;599,715;543,716;436,717;477,718;326,719;376,720;96,721;201,722;749,723;444,724;83,725;712,726;841,727;291,728;234,729;206,730;131,731;591,732;889,733;530,734;948,735;226,736;111,737;494,738;350,739;481,740;597,741;817,742;738,743;195,744;72,745;515,746;652,747;38,748;276,749;740,750;418,751;278,752;843,753;984,754;55,755;204,756;429,757;574,758;2,759;992,760;118,761;742,762;681,763;153,764;29,765;133,766;112,767;161,768;393,769;718,770;309,771;202,772;745,773;47,774;285,775;938,776;383,777;852,778;573,779;296,780;182,781;971,782;562,783;327,784;871,785;650,786;322,787;688,788;297,789;412,790;313,791;242,792;429,793;857,794;715,795;927,796;469,797;50,798;290,799;626,800;154,801;236,802;750,803;688,804;370,805;801,806;329,807;559,808;25,809;738,810;435,811;311,812;988,813;13,814;736,815;269,816;187,817;697,818;239,819;961,820;348,821;777,822;236,823;926,824;117,825;622,826;975,827;166,828;492,829;474,830;19,831;566,832;990,833;529,834;431,835;535,836;219,837;728,838;416,839;429,840;42,841;959,842;242,843;880,844;874,845;611,846;6,847;576,848;398,849;728,850;695,851;254,852;234,853;260,854;725,855;957,856;40,857;931,858;86,859;18,860;865,861;753,862;223,863;152,864;957,865;208,866;841,867;399,868;873,869;970,870;721,871;424,872;976,873;77,874;279,875;846,876;869,877;432,878;613,879;777,880;162,881;820,882;832,883;777,884;963,885;702,886;356,887;96,888;915,889;57,890;710,891;407,892;349,893;639,894;564,895;279,896;640,897;187,898;552,899;137,900;803,901;32,902;280,903;809,904;164,905;992,906;564,907;429,908;678,909;215,910;563,911;822,912;703,913;245,914;611,915;712,916;617,917;821,918;92,919;180,920;410,921;316,922;281,923;809,924;740,925;894,926;800,927;260,928;837,929;878,930;691,931;610,932;913,933;33,934;382,935;182,936;847,937;870,938;401,939;358,940;430,941;799,942;722,943;333,944;395,945;962,946;861,947;495,948;0,949;309,950;688,951;438,952;952,953;799,954;532,955;856,956;893,957;323,958;359,959;964,960;4,961;39,962;113,963;245,964;593,965;453,966;229,967;979,968;415,969;324,970;245,971;252,972;203,973;873,974;274,975;761,976;259,977;275,978;889,979;756,980;70,981;479,982;871,983;154,984;675,985;187,986;222,987;53,988;680,989;328,990;819,991;733,992;432,993;50,994;403,995;342,996;577,997;739,998;276,999;535,1000)
insertion()
shell(7,5,3)
shell(2)
shell(9,3,1)
merge_sort()
quick_sort()
partition(0)
partition(333)
partition(500)
partition(1000)
quit()
