set(961,0;748,1;328,2;292,3;352,4;197,5;917,6;552,7;427,8;889,9;33,10;452,11;141,12;129,13;607,14;341,15;690,16;532,17;240,18;766,19;362,20;116,21;502,22;75,23;488,24;693,25;763,26;553,27;402,28;74,29;707,30;258,31;960,32;203,33;696,34;655,35;77,36;252,37;144,38;773,39;432,40;516,41;808,42;944,43;650,44;90,45;266,46;336,47;224,48;658,49;814,50;929,51;691,52;750,53;635,54;115,55;148,56;679,57;623,58;5,59;616,60;483,61;68,62;852,63;544,64;555,65;728,66;77,67;550,68;356,69;55,70;431,71;170,72;251,73;165,74;595,75;136,76;294,77;900,78;737,79;569,80;227,81;306,82;470,83;588,84;128,85;592,86;567,87;675,88;81,89;320,90;326,91;184,92;420,93;61,94;135,95;948,96;979,97;713,98;194,99;681,100;16,101;401,102;818,103;189,104;888,105;526,106;435,107;446,108;300,109;473,110;820,111;623,112;719,113;847,114;598,115;261,116;714,117;484,118;955,119;663,120;426,121;440,122;706,123;427,124;537,125;283,126;395,127;869,128;3,129;563,130;155,131;736,132;520,133;207,134;207,135;935,136;146,137;282,138;843,139;160,140;703,141;911,142;715,143;164,144;4,145;271,146;345,147;880,148;925,149;904,150;893,151;760,152;626,153;208,154;123,155;997,156;948,157;746,158)
insertion()
shell(7,5,3)
shell(2)
shell(9,3,1)
merge_sort()
quick_sort()
partition(0)
partition(53)
partition(79)
partition(158)
set(161,0;246,1;438,2;224,3;351,4;915,5;684,6;184,7;244,8;178,9;771,10;368,11;983,12;769,13;317,14;216,15;994,16;591,17;112,18;437,19;821,20;740,21;329,22;475,23;784,24;55,25;478,26;405,27;920,28;470,29;597,30;10,31;35,32;574,33;653,34;43,35;691,36;423,37;281,38;988,39;489,40;335,41;827,42;728,43;394,44;621,45;700,46;220,47;27,48;662,49;804,50;797,51;71,52;187,53;590,54;506,55;851,56;252,57;518,58;626,59;100,60;237,61;685,62;691,63;367,64;553,65;118,66;323,67;881,68;548,69;516,70;404,71;900,72;52,73;192,74;249,75;32,76;114,77;114,78;222,79;160,80;645,81;75,82;435,83;694,84;979,85;615,86;397,87;631,88;869,89;39,90;29,91;98,92;538,93;61,94;747,95;238,96;831,97;442,98;210,99;20,100)
insertion()
shell(7,5,3)
shell(2)
shell(9,3,1)
merge_sort()
quick_sort()
partition(0)
partition(33)
partition(50)
partition(100)
set(703,0;585,1;174,2;181,3;126,4;975,5;315,6;660,7;870,8;482,9;622,10;116,11;613,12;942,13;415,14;868,15;984,16;744,17;716,18;609,19;736,20;148,21;222,22;635,23;242,24;616,25;286,26)
insertion()
shell(7,5,3)
shell(2)
shell(9,3,1)
merge_sort()
quick_sort()
partition(0)
partition(9)
partition(13)
partition(26)
set(36,0;260,1;742,2;168,3;847,4;10,5;992,6;485,7;547,8;963,9;494,10;355,11;212,12;202,13;156,14;904,15;462,16;799,17;842,18;363,19;716,20;203,21;626,22;981,23;564,24;323,25;667,26;109,27;168,28;455,29;494,30;892,31;810,32;468,33;357,34;405,35;343,36;588,37;386,38;307,39;712,40;580,41;428,42;813,43;786,44;529,45;148,46;776,47;176,48;23,49;435,50;213,51;419,52;53,53;398,54;838,55;155,56;244,57;669,58;316,59;393,60;913,61;474,62;369,63;74,64;779,65;736,66;902,67;942,68;692,69;871,70;234,71;80,72;346,73;706,74;937,75;339,76;517,77;636,78;389,79;910,80;229,81;544,82;259,83;48,84;259,85;493,86;820,87;591,88;884,89;721,90;687,91;630,92;381,93;373,94;893,95;517,96;192,97;509,98;857,99;332,100;955,101;806,102;17,103;80,104;71,105;9,106;898,107;711,108;867,109;556,110;739,111;240,112;729,113;662,114;668,115;923,116;181,117;814,118;307,119;827,120;784,121;926,122;416,123;166,124;906,125;555,126;731,127;754,128;221,129;946,130;641,131;637,132;47,133;280,134;420,135;292,136;87,137;331,138;736,139;830,140;746,141;73,142;278,143;548,144;468,145;754,146;511,147;151,148;513,149;287,150;839,151;723,152;921,153;357,154;392,155;532,156;890,157;538,158;535,159;791,160;64,161;971,162;871,163;79,164;444,165;766,166;968,167;508,168;803,169;662,170;660,171;507,172;146,173;924,174;137,175;475,176;66,177;901,178;730,179;670,180;838,181)
insertion()
shell(7,5,3)
shell(2)
shell(9,3,1)
merge_sort()
quick_sort()
partition(0)
partition(60)
partition(91)
partition(181)
set(694,0;275,1;637,2;557,3;797,4;229,5;300,6;67,7;771,8;352,9;841,10;347,11;893,12;929,13;920,14;299,15;497,16;908,17;270,18;911,19;383,20;350,21;785,22;930,23;165,24;56,25;103,26;148,27;419,28;577,29;961,30;761,31;915,32;709,33;992,34;884,35;850,36;437,37;724,38;184,39;985,40;675,41;284,42;586,43;639,44;683,45;968,46;585,47;34,48;246,49;158,50;408,51;76,52;799,53;970,54;947,55;624,56;458,57;15,58)
insertion()
shell(7,5,3)
shell(2)
shell(9,3,1)
merge_sort()
quick_sort()
partition(0)
partition(19)
partition(29)
partition(58)
set(838,0;621,1;744,2;643,3;253,4;578,5;893,6;56,7;907,8;835,9;317,10;721,11;764,12;618,13;369,14;859,15;157,16;962,17;902,18;436,19;196,20;394,21;614,22;614,23;852,24;121,25;538,26;371,27;210,28;616,29;937,30;984,31;575,32;964,33;421,34;393,35;693,36;66,37;77,38;52,39;449,40;153,41;519,42;95,43;170,44;549,45;894,46;133,47;119,48;766,49;195,50;156,51;315,52;396,53;861,54;998,55;106,56;785,57;727,58;733,59;328,60;165,61;60,62;841,63;511,64;545,65;420,66;220,67;894,68;758,69;774,70;809,71;429,72;721,73;167,74;583,75;532,76;380,77;6,78;37,79;674,80;176,81;786,82;156,83;536,84;545,85;689,86;921,87;542,88;497,89;530,90;774,91)
insertion()
shell(7,5,3)
shell(2)
shell(9,3,1)
merge_sort()
quick_sort()
partition(0)
partition(30)
partition(46)
partition(91)
set(676,0;978,1)
insertion()
shell(7,5,3)
shell(2)
shell(9,3,1)
merge_sort()
quick_sort()
partition(0)
partition(0)
partition(1)
partition(1)
set(66,0;612,1;610,2)
insertion()
shell(7,5,3)
shell(2)
shell(9,3,1)
merge_sort()
quick_sort()
partition(0)
partition(1)
partition(1)
partition(2)
set(420,0;725,1;929,2;641,3;656,4;840,5;629,6;44,7;667,8;258,9;404,10;234,11;746,12;824,13;826,14;235,15;309,16;660,17;662,18;7,19;500,20;204,21;928,22;681,23;944,24;202,25;782,26;567,27;359,28;353,29;888,30;487,31;604,32;0,33;222,34;385,35;650,36;169,37;626,38;86,39;543,40;253,41;383,42;19,43;891,44;619,45;39,46;216,47;927,48;61,49;479,50;658,51;174,52;290,53;306,54;164,55;402,56;190,57;447,58;18,59;886,60;411,61;959,62;825,63;600,64;11,65;496,66;901,67;10,68;835,69;174,70;163,71;892,72;130,73;194,74;95,75;432,76;833,77;675,78;876,79;922,80;867,81;889,82;233,83;638,84;155,85;164,86;837,87;331,88;753,89;854,90;324,91;535,92;53,93;207,94;493,95;450,96;205,97;770,98;554,99;254,100;313,101;905,102;632,103;394,104;88,105;502,106;977,107;851,108;716,109;328,110;568,111;632,112;309,113;47,114;985,115;271,116;459,117;9,118;741,119;21,120;636,121;576,122;681,123;371,124;154,125;475,126;179,127;211,128;171,129;977,130;275,131;918,132;7,133;993,134;936,135;532,136;456,137;515,138;559,139;913,140;504,141;660,142;482,143;166,144;903,145;303,146;548,147;205,148;68,149;148,150;766,151;367,152;173,153;451,154;240,155;211,156;433,157;483,158;417,159;316,160;64,161;52,162;488,163;546,164;339,165;783,166;827,167;778,168;970,169;674,170;963,171;442,172;587,173;497,174;911,175;608,176;568,177;19,178;622,179;199,180;352,181;375,182;97,183;688,184;371,185;472,186;832,187;643,188;937,189;192,190;867,191;431,192;720,193;332,194;464,195;526,196;105,197;63,198;781,199;13,200;77,201;330,202;202,203;634,204;184,205;191,206;736,207;997,208;59,209;803,210;761,211;410,212;836,213;268,214;188,215;251,216;351,217;738,218;859,219;33,220;888,221;662,222;527,223;526,224;859,225;433,226;669,227;53,228;539,229;409,230;222,231;641,232;181,233;929,234;749,235;937,236;545,237;677,238;526,239;708,240;973,241;689,242;830,243;395,244;431,245;225,246;809,247;29,248;167,249;934,250;225,251;696,252;794,253;789,254;83,255;830,256;285,257;213,258;284,259;526,260;753,261;931,262;495,263;686,264;337,265;602,266;392,267;193,268;287,269;989,270;174,271;790,272;264,273;512,274;358,275;934,276;775,277;111,278;963,279;113,280;626,281;136,282;319,283;166,284;608,285;22,286;744,287;655,288;532,289;908,290;553,291;543,292;228,293;208,294;539,295;513,296;397,297;72,298;395,299;47,300;301,301;815,302;933,303;519,304;329,305;985,306;776,307;402,308;709,309;425,310;138,311;339,312;449,313;535,314;164,315;644,316;533,317;752,318;104,319;911,320;721,321;468,322;697,323;263,324;343,325;806,326;992,327;921,328;483,329;455,330;112,331;689,332;988,333;583,334;508,335;690,336;46,337;592,338;106,339;169,340;39,341;665,342;590,343;223,344;228,345;918,346;697,347;537,348;606,349;635,350;559,351;439,352;187,353;185,354;197,355;840,356;321,357;780,358;165,359;5,360;143,361;258,362;78,363;485,364;392,365;192,366;286,367;494,368;300,369;113,370;658,371;328,372;954,373;154,374;90,375;422,376;348,377;234,378;604,379;526,380;117,381;999,382;288,383;239,384;774,385;734,386;757,387;259,388;347,389;925,390;221,391;636,392;570,393;299,394;794,395;868,396;501,397;4,398;764,399;263,400;482,401;989,402;4,403;40,404;523,405;123,406;161,407;553,408;516,409;436,410;744,411;333,412;876,413;211,414;618,415;328,416;11,417;397,418;274,419;936,420;629,421;85,422;213,423;784,424;275,425;635,426;308,427;9,428;755,429;775,430;988,431;901,432;574,433;287,434;234,435;983,436;498,437;5,438;430,439;675,440;572,441;817,442;214,443;262,444;401,445;734,446;199,447;125,448;848,449;818,450;314,451;523,452;69,453;157,454;865,455;617,456;524,457;139,458;208,459;199,460;305,461;535,462;663,463;990,464;485,465;549,466;983,467;4,468;185,469;307,470;559,471;783,472;553,473;958,474;872,475;895,476;479,477;567,478;298,479;269,480;434,481;832,482;168,483;332,484;851,485;565,486;423,487;790,488;651,489;250,490;793,491;356,492;917,493;222,494;871,495;174,496;331,497;27,498;680,499;150,500;107,501;148,502;252,503;215,504;324,505;64,506;620,507;978,508;16,509;243,510;707,511;198,512;863,513;89,514;447,515;257,516;35,517;401,518;852,519;457,520;209,521;176,522;595,523;626,524;233,525;249,526;748,527;828,528;113,529;692,530;802,531;24,532;505,533;431,534;553,535;580,536;364,537;354,538;711,539;92,540;758,541;426,542;376,543;557,544;523,545;94,546;351,547;729,548;762,549;255,550;316,551;673,552;328,553;285,554;540,555;723,556;931,557;199,558;328,559;11,560;988,561;368,562;735,563;527,564;294,565;128,566;472,567;481,568;398,569;110,570;909,571;365,572;985,573;890,574;575,575;847,576;325,577;542,578;219,579;906,580;441,581;353,582;479,583;573,584;930,585;909,586;277,587;621,588;951,589;912,590;68,591;382,592;903,593;381,594;196,595;523,596;885,597;224,598;602,599;76,600;517,601;133,602;975,603;152,604;148,605;763,606;677,607;902,608;255,609;350,610;325,611;830,612;779,613;791,614;428,615;578,616;496,617;367,618;263,619;994,620;196,621;147,622;80,623;898,624;47,625;558,626;59,627;462,628;260,629;59,630;493,631;607,632;846,633;118,634;457,635;870,636;140,637;863,638;162,639;305,640;250,641;589,642;564,643;151,644;907,645;213,646;816,647;675,648;685,649;848,650;914,651;797,652;580,653;811,654;874,655;667,656;177,657;347,658;432,659;445,660;782,661;855,662;220,663;468,664;603,665;518,666;545,667;814,668;135,669;980,670;307,671;233,672;751,673;608,674;66,675;626,676;85,677;964,678;951,679;320,680;636,681;455,682;543,683;513,684;34,685;292,686;484,687;351,688;53,689;844,690;915,691;82,692;145,693;692,694;871,695;968,696;860,697;578,698;190,699;898,700;53,701;501,702;302,703;240,704;163,705;846,706;275,707;187,708;91,709;701,710;545,711;198,712;599,713;815,714;999,715;953,716;302,717;978,718;602,719;832,720;940,721;821,722;998,723;948,724;78,725;499,726;761,727;109,728;375,729;397,730;44,731;610,732;694,733;220,734;257,735;414,736;26,737;163,738;792,739;653,740;835,741;928,742;763,743;413,744;930,745;868,746;589,747;76,748;824,749;977,750;132,751;924,752;251,753;364,754;985,755;766,756;554,757;169,758;487,759;440,760;140,761;910,762;104,763;4,764;176,765;310,766;586,767;849,768;922,769;51,770;750,771;784,772;250,773;979,774;257,775;326,776;148,777;173,778;342,779;18,780;508,781;642,782;650,783;488,784;941,785;35,786;581,787;866,788;594,789;620,790;469,791;132,792;752,793;577,794;853,795;583,796;832,797;448,798;706,799;11,800;201,801;102,802;581,803;138,804;805,805;182,806;20,807;172,808;660,809;692,810;366,811;9,812;339,813;867,814;766,815;144,816;991,817;505,818;275,819;360,820;116,821;292,822;281,823;186,824;771,825;933,826;921,827;308,828;491,829;256,830;602,831;152,832;825,833;331,834;686,835;393,836;890,837;846,838;348,839;235,840;677,841;638,842;94,843;564,844;952,845;993,846;591,847;329,848;847,849;523,850;949,851;743,852;146,853;995,854;336,855;407,856;3,857;755,858;813,859;778,860;938,861;565,862;704,863;41,864;207,865;707,866;818,867;442,868;917,869;135,870;638,871;650,872;404,873;770,874;996,875;859,876;488,877;822,878;428,879;861,880;15,881;451,882;785,883;955,884;642,885;48,886;560,887;972,888;516,889;815,890;895,891;188,892;193,893;511,894;686,895;745,896;85,897;356,898;803,899;663,900;796,901;667,902;568,903;853,904;94,905;823,906;376,907;807,908;719,909;325,910;983,911;596,912;232,913;996,914;517,915;879,916;918,917;87,918;629,919;236,920;370,921;951,922;794,923;278,924;672,925;98,926;287,927;695,928;85,929;541,930;179,931;616,932;930,933;105,934;176,935;470,936;744,937;903,938;553,939;748,940;916,941;875,942;980,943;395,944;239,945;621,946;286,947;902,948;560,949;886,950;487,951;462,952;308,953;977,954;544,955;503,956;823,957;115,958;337,959;887,960;913,961;318,962;578,963;806,964;640,965;431,966;767,967;69,968;788,969;826,970;929,971;418,972;302,973;814,974;745,975;832,976;403,977;237,978;456,979;431,980;716,981;565,982;858,983;792,984;228,985;618,986;544,987;406,988;279,989;748,990;456,991;269,992;823,993;119,994;422,995;657,996;259,997;91,998)
insertion()
shell(7,5,3)
shell(2)
shell(9,3,1)
merge_sort()
quick_sort()
partition(0)
partition(333)
partition(499)
partition(998)
set(5,0;460,1;523,2;77,3;336,4;118,5;164,6;619,7;251,8;219,9;500,10;691,11;421,12;219,13;369,14;692,15;258,16;208,17;128,18;315,19;532,20;870,21;287,22;809,23;447,24;456,25;471,26;32,27;905,28;250,29;508,30;642,31;578,32;855,33;323,34;224,35;1,36;700,37;925,38;827,39;70,40;512,41;111,42;217,43;709,44;984,45;769,46;831,47;151,48;373,49;646,50;166,51;533,52;852,53;537,54;489,55;516,56;926,57;938,58;878,59;748,60;375,61;835,62;498,63;996,64;932,65;624,66;48,67;867,68;694,69;327,70;368,71;946,72;296,73;975,74;670,75;71,76;574,77;586,78;912,79;135,80;667,81;868,82;851,83;216,84;636,85;349,86;721,87;594,88;990,89;143,90;547,91;906,92;511,93;425,94;778,95;39,96)
insertion()
shell(7,5,3)
shell(2)
shell(9,3,1)
merge_sort()
quick_sort()
partition(0)
partition(32)
partition(48)
partition(96)
set(253,0;407,1;888,2;550,3;528,4;123,5;494,6;104,7;710,8;939,9;828,10;818,11;664,12;53,13;240,14;51,15;997,16;364,17;394,18;963,19;84,20;374,21;214,22;863,23;505,24;998,25;182,26;372,27;656,28;81,29;928,30;90,31;195,32;58,33;28,34;41,35;711,36;671,37;501,38;677,39;957,40;663,41;356,42;115,43;751,44;0,45;850,46;211,47;382,48;325,49;494,50;854,51;807,52;268,53;217,54;824,55;270,56;780,57;942,58;716,59;689,60;926,61;322,62;719,63;802,64;892,65;684,66;136,67;522,68;411,69;645,70;777,71;87,72;970,73;207,74;236,75;482,76;973,77;138,78;930,79;136,80;958,81;837,82;266,83;698,84;168,85;867,86;697,87;927,88;810,89;665,90;366,91;730,92;378,93;515,94;425,95;424,96;957,97;682,98;646,99;374,100;685,101;479,102;803,103;756,104;916,105;160,106;12,107;110,108;743,109;637,110;1,111;52,112;401,113;110,114;915,115;952,116;144,117;755,118;136,119;574,120;430,121;77,122;667,123;220,124;402,125;994,126;28,127;639,128;217,129;369,130;610,131;317,132;177,133;202,134;607,135;194,136;971,137;448,138;925,139;530,140;774,141;206,142;426,143;302,144;172,145;891,146;507,147;578,148;627,149;950,150;858,151;95,152;53,153;18,154;613,155;799,156;52,157;908,158;779,159;887,160;935,161;600,162;902,163;439,164;405,165;532,166;420,167;220,168;766,169;723,170;288,171;994,172;365,173;164,174;875,175;161,176;853,177;181,178;440,179;308,180;11,181;762,182;387,183;947,184;162,185;835,186;186,187;793,188;685,189;451,190;748,191;774,192;566,193;71,194;756,195;914,196;652,197;364,198;400,199;585,200;170,201;1000,202;400,203;787,204;323,205;552,206;545,207;647,208;419,209;145,210;74,211;935,212;858,213;563,214;211,215;249,216;618,217;510,218;933,219;623,220;357,221;310,222;266,223;772,224;74,225;766,226;481,227;107,228;763,229;859,230;566,231;778,232;685,233;515,234;384,235;399,236;33,237;966,238;858,239;148,240;792,241;877,242;933,243;889,244;826,245;491,246;293,247;104,248;200,249;324,250;567,251;803,252;683,253;926,254;53,255;225,256;425,257;977,258;787,259;925,260;694,261;896,262;824,263;18,264;827,265;453,266;545,267;102,268;888,269;539,270;750,271;482,272;526,273;349,274;505,275;350,276;132,277;574,278;187,279;373,280;844,281;519,282;733,283;637,284;558,285;398,286;558,287;357,288;27,289;69,290;730,291;460,292;892,293;712,294;716,295;568,296;401,297;421,298;649,299;64,300;700,301;514,302;512,303;753,304;226,305;184,306;463,307;641,308;560,309;426,310;744,311;744,312;687,313;757,314;522,315;76,316;573,317;122,318;211,319;855,320;300,321)
insertion()
shell(7,5,3)
shell(2)
shell(9,3,1)
merge_sort()
quick_sort()
partition(0)
partition(107)
partition(161)
partition(321)
set(16,0;235,1;205,2;242,3;278,4;70,5;231,6;310,7;472,8;426,9;296,10;814,11;21,12;597,13;154,14;982,15;927,16;181,17;615,18;499,19;296,20;118,21;902,22;412,23;728,24;288,25;833,26;236,27;833,28;19,29;927,30;89,31;99,32;546,33;312,34;678,35;518,36;864,37;335,38;505,39;966,40;483,41;716,42;767,43;485,44;262,45;352,46;902,47;144,48;266,49;927,50;737,51;394,52;298,53;353,54;74,55;849,56;436,57;276,58;733,59;486,60;651,61;719,62;377,63;347,64;353,65;620,66;597,67;682,68;721,69;565,70;607,71;481,72;239,73;4,74;409,75;616,76;163,77;664,78;925,79;180,80;404,81;199,82;986,83;929,84;193,85;281,86;962,87;752,88;567,89;476,90;800,91;856,92;459,93;695,94;937,95;827,96;151,97;952,98;623,99;636,100;699,101;711,102;71,103;447,104;231,105;225,106;626,107;501,108;52,109;808,110;108,111;90,112;206,113;778,114;137,115;303,116;219,117;264,118;470,119;17,120;798,121;543,122;904,123;905,124;201,125;473,126;644,127;342,128;691,129;513,130;947,131;515,132;267,133;184,134;430,135;3,136;622,137;672,138;461,139;498,140;644,141;674,142;721,143;265,144;153,145;388,146;916,147;399,148;847,149;678,150;273,151;337,152;258,153;309,154;560,155;59,156;617,157;900,158;782,159;204,160;870,161;472,162;517,163;741,164;8,165;659,166;137,167;862,168;325,169;895,170;572,171;974,172;845,173;413,174;797,175;568,176;642,177;116,178;986,179;256,180;670,181;367,182;482,183;181,184;867,185;335,186;492,187;774,188;582,189;725,190;992,191;326,192;358,193;567,194;929,195;350,196;739,197;988,198;598,199;65,200;367,201;412,202;97,203;713,204;733,205;94,206;929,207;417,208;571,209;373,210;612,211;505,212;234,213;574,214;66,215;551,216;627,217;591,218;611,219;108,220;249,221;280,222;856,223;38,224;25,225;350,226;170,227;679,228;140,229;352,230;127,231;90,232;651,233;346,234;559,235;942,236;693,237;827,238;362,239;542,240;697,241;644,242;479,243;225,244;318,245;691,246;414,247;210,248;379,249;88,250;354,251;745,252;16,253;311,254;598,255;248,256;209,257;69,258;520,259;414,260;819,261;252,262;610,263;518,264;464,265;969,266;206,267;449,268;819,269;220,270;427,271;985,272;950,273;407,274;397,275;817,276;408,277;184,278;750,279;550,280;286,281;249,282;351,283;577,284;228,285;542,286;895,287;697,288;600,289;873,290;393,291;99,292;166,293;540,294;874,295;132,296;787,297;175,298;390,299;682,300;229,301;835,302;801,303;578,304;663,305;612,306;501,307;523,308;81,309;334,310;973,311;213,312;611,313;444,314;859,315;826,316;830,317;545,318;440,319;634,320;766,321;978,322;799,323;681,324;75,325;339,326;868,327;897,328;708,329;468,330;730,331;52,332;705,333;201,334;279,335;810,336;247,337;374,338;337,339;435,340;615,341;622,342;459,343;173,344;893,345;574,346;528,347;134,348;147,349;129,350;205,351;827,352;857,353;521,354;289,355;38,356;784,357;679,358;689,359;795,360;415,361;170,362;772,363;64,364;837,365;638,366;862,367;523,368;832,369;666,370;233,371;458,372;18,373;898,374;193,375;928,376;640,377;174,378;913,379;429,380;308,381;982,382;442,383;513,384;467,385;230,386;78,387;465,388;471,389;16,390;123,391;560,392;648,393;244,394;467,395;937,396;929,397;197,398;440,399;809,400;483,401;781,402;384,403;444,404;629,405;836,406;260,407;239,408;531,409;427,410;879,411;663,412;511,413;193,414;409,415;88,416;570,417;12,418;541,419;680,420;596,421;775,422;861,423;953,424;828,425;396,426;554,427;947,428;596,429;601,430;869,431;881,432;265,433;164,434;673,435;593,436;505,437;114,438;507,439;142,440;860,441;945,442;267,443;481,444;806,445;956,446;987,447;836,448;481,449;364,450;496,451;425,452;578,453;768,454;855,455;421,456;812,457;857,458;193,459;690,460;978,461;287,462;753,463;653,464;424,465;228,466;276,467;110,468;503,469;242,470;504,471;709,472;235,473;665,474;911,475;248,476;59,477;10,478;840,479;792,480;532,481;81,482;910,483;616,484;541,485;496,486;148,487;661,488;336,489;164,490;712,491;847,492;676,493;954,494;466,495;940,496;164,497;188,498;746,499;390,500;960,501;994,502;754,503;55,504;956,505;901,506;366,507;280,508;71,509;635,510;301,511;44,512;50,513;378,514;513,515;299,516;75,517;23,518;267,519;450,520;749,521;975,522;737,523;909,524;759,525;893,526;478,527;363,528;960,529;977,530;205,531;562,532;595,533;451,534;919,535;163,536;911,537;511,538;752,539;456,540;26,541;398,542;426,543;804,544;619,545;692,546;640,547;139,548;101,549;911,550;967,551;547,552;423,553;479,554;71,555;667,556;671,557;975,558;677,559;82,560;636,561;469,562;995,563;380,564;238,565;480,566;138,567;543,568;30,569;646,570;527,571;416,572;761,573;106,574;177,575;310,576;517,577;604,578;810,579;965,580;560,581;419,582;899,583;884,584;119,585;536,586;530,587;552,588;764,589;740,590;593,591;774,592;819,593;554,594;142,595;255,596;810,597;302,598;214,599;728,600;456,601;777,602;770,603;687,604;246,605;677,606;720,607;262,608;789,609;490,610;361,611;908,612;315,613;630,614;320,615;761,616;860,617;866,618;570,619;852,620;730,621;43,622;786,623;140,624;598,625;977,626;75,627;853,628;642,629;953,630;433,631;468,632;267,633;128,634;782,635;224,636;949,637;463,638;208,639;218,640;763,641;455,642;503,643;882,644;806,645;870,646;797,647;659,648;2,649;866,650;651,651;730,652;150,653;498,654;28,655;557,656;750,657;139,658;585,659;292,660;632,661;7,662;525,663;30,664;782,665;329,666;567,667;557,668;692,669;458,670;722,671;89,672;819,673;862,674;407,675;863,676;22,677;758,678;9,679;267,680;880,681;613,682;130,683;842,684;151,685;29,686;857,687;142,688;61,689;672,690;245,691;68,692;347,693;812,694;972,695;959,696;817,697;892,698;135,699;217,700;551,701;469,702;896,703;848,704;392,705;411,706;629,707;694,708;613,709;211,710;361,711;593,712;682,713;797,714;414,715;293,716;572,717;49,718;93,719;610,720;234,721;649,722;982,723;268,724;860,725;409,726;621,727;469,728;993,729;572,730;745,731;851,732;311,733;638,734;823,735;829,736;633,737;509,738;758,739;404,740;927,741;912,742;545,743;387,744;455,745;490,746;43,747;176,748;466,749;52,750;3,751;874,752;90,753;427,754;687,755;261,756;745,757;534,758;853,759;420,760;584,761;691,762;534,763;527,764;232,765;727,766;452,767;371,768;186,769;314,770;970,771;602,772;624,773;510,774;358,775;984,776;975,777;964,778;72,779;666,780;600,781;835,782;350,783;140,784;379,785;578,786;884,787;321,788;436,789;250,790;998,791;641,792;839,793;957,794;793,795;339,796;399,797;777,798;667,799;541,800;386,801;223,802;146,803;173,804;181,805;537,806;758,807;662,808;895,809;249,810;845,811;792,812;682,813;310,814;429,815;1,816;689,817;635,818;648,819;846,820;835,821;959,822;211,823;779,824;607,825;846,826;650,827;992,828;313,829;278,830;283,831;547,832;114,833;211,834;632,835;464,836;796,837;800,838;1,839;118,840;486,841;144,842;649,843;913,844;875,845;412,846;46,847;159,848;197,849;332,850;900,851;756,852;324,853;842,854;784,855;863,856;541,857;926,858;402,859;278,860;713,861;601,862;367,863;483,864;761,865;451,866;440,867;671,868;32,869;438,870;727,871;331,872;837,873;475,874;430,875;515,876;50,877;448,878;745,879;59,880;878,881;943,882;950,883;322,884;680,885;23,886;993,887;854,888;3,889;595,890;546,891;904,892;798,893;319,894;473,895;411,896;552,897;874,898;825,899;287,900;230,901;602,902;89,903;95,904;104,905;182,906;687,907;289,908;888,909;184,910;353,911;306,912;964,913;672,914;441,915;82,916;605,917;40,918;914,919;64,920;873,921;344,922;633,923;502,924;328,925;905,926;586,927;998,928;194,929;982,930;403,931;610,932;537,933;968,934;192,935;234,936;540,937;120,938;483,939;850,940;658,941;313,942;381,943;534,944;223,945;109,946;659,947;12,948;374,949;958,950;589,951;175,952;461,953;724,954;529,955;880,956;318,957;480,958;699,959;520,960;590,961;441,962;664,963;613,964;394,965;561,966;680,967;442,968;918,969;666,970;31,971;295,972;449,973;678,974;235,975;204,976;559,977;91,978;931,979;474,980;562,981;433,982;912,983;26,984;666,985;602,986;177,987;781,988;403,989;370,990;578,991;934,992;914,993;477,994;336,995;692,996;579,997;189,998;940,999;420,1000)
insertion()
shell(7,5,3)
shell(2)
shell(9,3,1)
merge_sort()
quick_sort()
partition(0)
partition(333)
partition(500)
partition(1000)
quit()
