set(121,0;175,1;633,2;380,3;237,4;157,5;406,6;619,7;741,8;680,9;734,10;899,11;87,12;957,13;828,14;826,15;522,16;272,17;349,18;588,19;671,20;250,21;582,22;676,23;688,24;515,25;537,26;937,27;660,28;274,29;458,30;62,31;368,32;342,33;189,34;775,35;320,36;422,37;679,38;747,39;899,40;120,41;916,42;274,43;846,44;622,45;429,46;467,47;683,48;659,49;272,50;95,51;330,52;558,53;569,54;668,55;707,56;906,57;551,58;21,59;290,60;988,61;728,62;309,63;992,64;16,65;565,66;894,67;343,68;725,69;865,70;253,71;155,72;462,73;677,74;929,75;955,76;647,77;865,78;595,79;752,80;15,81;716,82;996,83;70,84;965,85;302,86;301,87;755,88;188,89;222,90;28,91;721,92;423,93;161,94;22,95;681,96;439,97;967,98;293,99;807,100;829,101;889,102;232,103;862,104;364,105;442,106;798,107;708,108;662,109;894,110;443,111;810,112;770,113;609,114;501,115;926,116;586,117;74,118;144,119;855,120;754,121;211,122;221,123;626,124;831,125;37,126;797,127;732,128;577,129;1,130;817,131;433,132;460,133;882,134;736,135;328,136;361,137;388,138;125,139;467,140;1000,141;47,142;365,143;604,144;937,145;521,146;358,147;799,148;629,149;935,150;709,151;518,152;536,153;370,154;468,155;90,156;491,157;965,158)
insertion()
shell(7,5,3)
shell(2)
shell(9,3,1)
merge_sort()
quick_sort()
partition(0)
partition(53)
partition(79)
partition(158)
set(446,0;448,1;154,2;896,3;384,4;97,5;709,6;304,7;885,8;456,9;545,10;225,11;208,12;824,13;229,14;73,15;247,16;995,17;771,18;966,19;278,20;531,21;122,22;176,23;878,24;740,25;618,26;926,27;415,28;164,29;596,30;689,31;681,32;559,33;514,34;101,35;583,36;655,37;785,38;18,39;840,40;436,41;948,42;424,43;319,44;633,45;42,46;727,47;924,48;178,49;517,50;31,51;356,52;400,53;937,54;68,55;221,56;955,57;34,58;900,59;353,60;667,61;845,62;861,63;895,64;719,65;626,66;989,67;444,68;153,69;810,70;27,71;578,72;79,73;307,74;874,75;280,76;304,77;461,78;677,79;157,80;192,81;527,82;251,83;178,84;66,85;927,86;887,87;303,88;636,89;145,90;174,91;195,92;881,93;8,94;714,95;836,96;761,97;994,98;651,99;469,100)
insertion()
shell(7,5,3)
shell(2)
shell(9,3,1)
merge_sort()
quick_sort()
partition(0)
partition(33)
partition(50)
partition(100)
set(263,0;873,1;65,2;931,3;152,4;84,5;828,6;249,7;250,8;451,9;633,10;57,11;82,12;47,13;64,14;367,15;97,16;281,17;972,18;112,19;87,20;524,21;127,22;891,23;568,24;1,25;4,26)
insertion()
shell(7,5,3)
shell(2)
shell(9,3,1)
merge_sort()
quick_sort()
partition(0)
partition(9)
partition(13)
partition(26)
set(684,0;275,1;1000,2;269,3;606,4;178,5;776,6;46,7;503,8;205,9;499,10;846,11;482,12;621,13;832,14;175,15;764,16;273,17;753,18;812,19;94,20;519,21;353,22;422,23;133,24;495,25;13,26;212,27;304,28;265,29;456,30;224,31;623,32;122,33;536,34;838,35;364,36;431,37;144,38;683,39;858,40;5,41;723,42;106,43;144,44;624,45;958,46;607,47;894,48;644,49;123,50;338,51;66,52;521,53;599,54;851,55;783,56;512,57;147,58;129,59;1000,60;625,61;726,62;626,63;462,64;704,65;124,66;195,67;159,68;630,69;627,70;162,71;514,72;197,73;254,74;489,75;609,76;56,77;737,78;685,79;196,80;391,81;555,82;127,83;876,84;702,85;757,86;717,87;321,88;936,89;905,90;383,91;459,92;686,93;769,94;981,95;250,96;957,97;346,98;165,99;497,100;974,101;342,102;407,103;599,104;646,105;885,106;910,107;712,108;567,109;512,110;686,111;398,112;181,113;578,114;919,115;70,116;147,117;995,118;260,119;654,120;618,121;389,122;761,123;262,124;887,125;593,126;966,127;393,128;833,129;662,130;829,131;54,132;628,133;993,134;171,135;812,136;807,137;603,138;827,139;131,140;658,141;415,142;634,143;443,144;357,145;520,146;704,147;101,148;354,149;130,150;516,151;666,152;638,153;857,154;157,155;570,156;280,157;935,158;940,159;945,160;536,161;712,162;24,163;714,164;803,165;423,166;901,167;124,168;856,169;765,170;35,171;147,172;409,173;152,174;305,175;80,176;398,177;858,178;979,179;320,180;955,181)
insertion()
shell(7,5,3)
shell(2)
shell(9,3,1)
merge_sort()
quick_sort()
partition(0)
partition(60)
partition(91)
partition(181)
set(469,0;785,1;638,2;828,3;381,4;185,5;46,6;313,7;417,8;357,9;5,10;945,11;575,12;153,13;157,14;953,15;401,16;727,17;370,18;354,19;730,20;684,21;528,22;130,23;456,24;949,25;175,26;374,27;545,28;553,29;404,30;230,31;894,32;371,33;779,34;804,35;868,36;485,37;587,38;701,39;462,40;475,41;322,42;449,43;664,44;141,45;661,46;41,47;128,48;623,49;991,50;851,51;144,52;982,53;900,54;687,55;545,56;153,57;725,58)
insertion()
shell(7,5,3)
shell(2)
shell(9,3,1)
merge_sort()
quick_sort()
partition(0)
partition(19)
partition(29)
partition(58)
set(294,0;856,1;782,2;877,3;403,4;196,5;502,6;28,7;760,8;806,9;586,10;164,11;815,12;127,13;217,14;778,15;214,16;902,17;841,18;303,19;144,20;242,21;83,22;558,23;673,24;892,25;424,26;713,27;407,28;472,29;651,30;849,31;759,32;231,33;909,34;506,35;403,36;727,37;870,38;237,39;744,40;968,41;25,42;93,43;623,44;275,45;72,46;638,47;860,48;34,49;899,50;100,51;187,52;258,53;203,54;35,55;941,56;861,57;446,58;296,59;107,60;99,61;822,62;610,63;791,64;502,65;575,66;685,67;664,68;303,69;830,70;665,71;684,72;480,73;404,74;599,75;871,76;253,77;888,78;958,79;967,80;401,81;556,82;563,83;886,84;475,85;820,86;872,87;177,88;748,89;375,90;139,91)
insertion()
shell(7,5,3)
shell(2)
shell(9,3,1)
merge_sort()
quick_sort()
partition(0)
partition(30)
partition(46)
partition(91)
set(737,0;779,1)
insertion()
shell(7,5,3)
shell(2)
shell(9,3,1)
merge_sort()
quick_sort()
partition(0)
partition(0)
partition(1)
partition(1)
set(481,0;642,1;828,2)
insertion()
shell(7,5,3)
shell(2)
shell(9,3,1)
merge_sort()
quick_sort()
partition(0)
partition(1)
partition(1)
partition(2)
set(836,0;215,1;379,2;591,3;538,4;132,5;308,6;95,7;400,8;215,9;153,10;109,11;545,12;832,13;322,14;750,15;46,16;713,17;550,18;203,19;718,20;270,21;616,22;855,23;405,24;922,25;409,26;655,27;100,28;502,29;275,30;230,31;713,32;206,33;341,34;123,35;715,36;369,37;980,38;209,39;611,40;152,41;991,42;192,43;891,44;10,45;378,46;31,47;98,48;510,49;942,50;496,51;114,52;804,53;901,54;963,55;654,56;161,57;945,58;51,59;192,60;5,61;151,62;93,63;100,64;297,65;894,66;938,67;177,68;871,69;677,70;513,71;929,72;732,73;870,74;618,75;475,76;194,77;499,78;635,79;33,80;135,81;605,82;430,83;590,84;522,85;198,86;727,87;332,88;104,89;483,90;867,91;93,92;482,93;321,94;909,95;504,96;718,97;332,98;294,99;49,100;842,101;740,102;254,103;292,104;589,105;144,106;989,107;772,108;967,109;971,110;831,111;233,112;2,113;562,114;77,115;303,116;968,117;804,118;854,119;986,120;211,121;111,122;114,123;754,124;946,125;646,126;936,127;144,128;694,129;511,130;57,131;868,132;199,133;350,134;547,135;416,136;434,137;561,138;423,139;80,140;404,141;409,142;395,143;61,144;407,145;612,146;31,147;829,148;898,149;990,150;849,151;157,152;849,153;65,154;196,155;514,156;819,157;643,158;929,159;608,160;648,161;202,162;149,163;811,164;159,165;524,166;653,167;978,168;483,169;696,170;922,171;325,172;846,173;947,174;206,175;324,176;965,177;683,178;972,179;415,180;146,181;475,182;412,183;666,184;596,185;765,186;683,187;863,188;709,189;715,190;508,191;747,192;873,193;639,194;477,195;981,196;820,197;574,198;210,199;942,200;501,201;528,202;292,203;321,204;626,205;725,206;640,207;657,208;610,209;913,210;25,211;777,212;875,213;399,214;596,215;947,216;744,217;808,218;333,219;59,220;886,221;597,222;730,223;580,224;883,225;343,226;312,227;608,228;896,229;683,230;147,231;996,232;434,233;688,234;310,235;979,236;429,237;5,238;272,239;651,240;285,241;209,242;188,243;290,244;476,245;671,246;910,247;814,248;7,249;234,250;478,251;52,252;214,253;143,254;327,255;417,256;32,257;877,258;33,259;19,260;326,261;228,262;118,263;625,264;739,265;54,266;782,267;81,268;163,269;512,270;337,271;276,272;136,273;782,274;179,275;722,276;966,277;859,278;618,279;475,280;267,281;666,282;894,283;114,284;480,285;205,286;63,287;121,288;342,289;853,290;279,291;720,292;713,293;278,294;410,295;826,296;812,297;624,298;474,299;808,300;701,301;543,302;241,303;125,304;603,305;676,306;927,307;264,308;553,309;935,310;836,311;555,312;946,313;15,314;495,315;620,316;963,317;896,318;200,319;400,320;560,321;564,322;795,323;218,324;83,325;562,326;735,327;625,328;350,329;747,330;387,331;826,332;165,333;937,334;381,335;463,336;17,337;786,338;229,339;389,340;820,341;515,342;571,343;629,344;858,345;276,346;732,347;293,348;573,349;438,350;750,351;41,352;540,353;6,354;37,355;367,356;611,357;21,358;146,359;708,360;437,361;160,362;38,363;341,364;187,365;292,366;20,367;823,368;766,369;797,370;676,371;166,372;749,373;385,374;589,375;731,376;815,377;636,378;808,379;250,380;630,381;542,382;652,383;445,384;419,385;114,386;372,387;108,388;363,389;130,390;260,391;723,392;33,393;863,394;117,395;300,396;713,397;864,398;39,399;53,400;544,401;650,402;895,403;512,404;818,405;757,406;849,407;753,408;610,409;771,410;860,411;22,412;996,413;605,414;160,415;456,416;409,417;5,418;248,419;345,420;68,421;1000,422;302,423;764,424;622,425;342,426;81,427;983,428;237,429;994,430;880,431;239,432;78,433;735,434;966,435;435,436;791,437;110,438;590,439;529,440;81,441;567,442;822,443;872,444;5,445;659,446;755,447;419,448;279,449;282,450;936,451;206,452;358,453;540,454;200,455;765,456;793,457;9,458;199,459;325,460;180,461;634,462;383,463;183,464;580,465;719,466;483,467;718,468;977,469;455,470;867,471;743,472;328,473;582,474;480,475;748,476;665,477;649,478;267,479;878,480;158,481;551,482;194,483;627,484;608,485;563,486;229,487;175,488;462,489;631,490;806,491;752,492;6,493;949,494;198,495;463,496;149,497;292,498;115,499;453,500;42,501;410,502;338,503;182,504;80,505;884,506;695,507;106,508;596,509;44,510;92,511;959,512;637,513;275,514;534,515;954,516;504,517;71,518;208,519;982,520;297,521;177,522;494,523;154,524;123,525;501,526;639,527;83,528;958,529;292,530;209,531;857,532;861,533;867,534;647,535;629,536;858,537;678,538;32,539;878,540;227,541;647,542;380,543;739,544;403,545;469,546;573,547;712,548;511,549;580,550;272,551;421,552;507,553;125,554;651,555;253,556;202,557;205,558;252,559;214,560;251,561;671,562;601,563;617,564;530,565;401,566;414,567;136,568;897,569;286,570;802,571;766,572;741,573;400,574;861,575;215,576;898,577;33,578;917,579;787,580;400,581;878,582;689,583;621,584;423,585;711,586;899,587;151,588;622,589;323,590;210,591;785,592;585,593;565,594;662,595;574,596;383,597;414,598;873,599;427,600;351,601;996,602;224,603;34,604;250,605;413,606;247,607;916,608;771,609;451,610;49,611;735,612;199,613;250,614;418,615;960,616;35,617;295,618;797,619;65,620;299,621;380,622;524,623;659,624;0,625;656,626;399,627;83,628;965,629;866,630;502,631;176,632;79,633;335,634;99,635;588,636;743,637;554,638;489,639;739,640;297,641;661,642;234,643;921,644;478,645;714,646;368,647;800,648;224,649;965,650;517,651;85,652;570,653;87,654;673,655;479,656;850,657;169,658;675,659;738,660;453,661;987,662;635,663;456,664;488,665;248,666;855,667;198,668;153,669;53,670;179,671;899,672;610,673;146,674;891,675;117,676;999,677;274,678;206,679;398,680;286,681;810,682;373,683;120,684;436,685;4,686;760,687;972,688;573,689;44,690;463,691;164,692;542,693;800,694;373,695;846,696;242,697;231,698;212,699;126,700;97,701;831,702;841,703;500,704;778,705;111,706;573,707;534,708;406,709;311,710;951,711;662,712;456,713;987,714;187,715;425,716;768,717;455,718;63,719;102,720;734,721;935,722;876,723;872,724;461,725;799,726;120,727;729,728;831,729;906,730;873,731;212,732;221,733;421,734;824,735;40,736;639,737;480,738;115,739;710,740;916,741;148,742;13,743;165,744;867,745;681,746;115,747;876,748;196,749;935,750;124,751;47,752;356,753;356,754;406,755;556,756;747,757;277,758;475,759;342,760;744,761;261,762;349,763;813,764;893,765;708,766;144,767;440,768;571,769;976,770;881,771;782,772;58,773;90,774;118,775;522,776;460,777;152,778;159,779;60,780;716,781;827,782;971,783;114,784;964,785;325,786;93,787;932,788;350,789;273,790;392,791;323,792;403,793;41,794;859,795;56,796;529,797;608,798;578,799;975,800;921,801;879,802;971,803;429,804;661,805;132,806;10,807;44,808;281,809;670,810;566,811;743,812;275,813;473,814;326,815;528,816;919,817;470,818;550,819;203,820;714,821;329,822;96,823;228,824;23,825;130,826;490,827;545,828;63,829;428,830;421,831;172,832;218,833;931,834;888,835;553,836;395,837;829,838;25,839;449,840;945,841;105,842;845,843;63,844;577,845;36,846;641,847;20,848;444,849;686,850;904,851;728,852;678,853;940,854;326,855;622,856;705,857;960,858;654,859;632,860;551,861;539,862;445,863;21,864;889,865;135,866;297,867;892,868;519,869;172,870;471,871;248,872;861,873;613,874;860,875;617,876;405,877;395,878;453,879;348,880;322,881;840,882;840,883;253,884;858,885;653,886;233,887;152,888;864,889;428,890;298,891;300,892;802,893;734,894;971,895;90,896;602,897;808,898;974,899;938,900;516,901;248,902;965,903;709,904;724,905;153,906;957,907;415,908;519,909;14,910;609,911;195,912;709,913;309,914;891,915;36,916;702,917;58,918;998,919;287,920;435,921;963,922;282,923;586,924;454,925;642,926;673,927;187,928;338,929;896,930;689,931;350,932;940,933;189,934;928,935;1,936;581,937;750,938;843,939;272,940;830,941;939,942;607,943;103,944;542,945;31,946;825,947;50,948;38,949;229,950;135,951;731,952;719,953;529,954;898,955;54,956;173,957;45,958;789,959;958,960;279,961;46,962;528,963;230,964;434,965;662,966;712,967;274,968;578,969;278,970;676,971;132,972;662,973;75,974;455,975;149,976;666,977;625,978;17,979;287,980;702,981;344,982;300,983;471,984;949,985;214,986;946,987;438,988;395,989;551,990;13,991;833,992;590,993;169,994;567,995;732,996;148,997;159,998)
insertion()
shell(7,5,3)
shell(2)
shell(9,3,1)
merge_sort()
quick_sort()
partition(0)
partition(333)
partition(499)
partition(998)
set(298,0;28,1;698,2;504,3;396,4;738,5;139,6;876,7;617,8;228,9;823,10;772,11;426,12;978,13;202,14;486,15;85,16;525,17;813,18;789,19;527,20;898,21;848,22;79,23;107,24;610,25;913,26;98,27;651,28;957,29;93,30;154,31;452,32;634,33;699,34;146,35;68,36;783,37;714,38;962,39;918,40;925,41;370,42;998,43;754,44;366,45;762,46;471,47;148,48;942,49;22,50;380,51;376,52;189,53;687,54;11,55;6,56;26,57;499,58;815,59;663,60;529,61;780,62;733,63;264,64;756,65;762,66;212,67;368,68;727,69;364,70;634,71;848,72;871,73;188,74;303,75;533,76;305,77;181,78;300,79;421,80;250,81;186,82;324,83;720,84;99,85;513,86;412,87;45,88;555,89;114,90;304,91;95,92;701,93;55,94;166,95;234,96)
insertion()
shell(7,5,3)
shell(2)
shell(9,3,1)
merge_sort()
quick_sort()
partition(0)
partition(32)
partition(48)
partition(96)
set(482,0;147,1;768,2;37,3;613,4;719,5;782,6;376,7;367,8;77,9;486,10;349,11;889,12;202,13;669,14;135,15;551,16;93,17;518,18;160,19;778,20;185,21;695,22;445,23;827,24;104,25;782,26;196,27;147,28;739,29;945,30;161,31;524,32;742,33;975,34;357,35;878,36;616,37;86,38;138,39;310,40;141,41;515,42;838,43;297,44;413,45;869,46;549,47;340,48;413,49;238,50;451,51;573,52;734,53;748,54;537,55;493,56;861,57;248,58;520,59;592,60;562,61;853,62;901,63;514,64;548,65;433,66;285,67;734,68;347,69;973,70;689,71;287,72;145,73;976,74;692,75;844,76;519,77;830,78;187,79;971,80;988,81;148,82;470,83;335,84;42,85;229,86;761,87;708,88;361,89;769,90;661,91;877,92;61,93;625,94;217,95;257,96;289,97;91,98;31,99;455,100;107,101;651,102;231,103;748,104;218,105;414,106;393,107;822,108;607,109;609,110;935,111;972,112;574,113;327,114;574,115;361,116;915,117;796,118;216,119;627,120;78,121;29,122;130,123;496,124;599,125;624,126;776,127;871,128;195,129;124,130;135,131;723,132;969,133;475,134;873,135;607,136;457,137;487,138;221,139;852,140;646,141;937,142;758,143;905,144;662,145;296,146;690,147;42,148;27,149;975,150;553,151;109,152;467,153;16,154;52,155;751,156;736,157;970,158;716,159;625,160;401,161;909,162;123,163;200,164;949,165;440,166;312,167;747,168;203,169;578,170;267,171;393,172;888,173;806,174;463,175;255,176;790,177;788,178;702,179;835,180;894,181;31,182;222,183;284,184;550,185;9,186;531,187;464,188;620,189;431,190;23,191;592,192;242,193;452,194;329,195;939,196;910,197;797,198;857,199;116,200;697,201;244,202;116,203;771,204;510,205;23,206;210,207;413,208;153,209;611,210;927,211;817,212;420,213;87,214;421,215;659,216;998,217;739,218;289,219;969,220;499,221;787,222;599,223;807,224;309,225;891,226;574,227;637,228;612,229;313,230;896,231;31,232;551,233;267,234;948,235;107,236;172,237;859,238;863,239;407,240;656,241;396,242;912,243;4,244;419,245;995,246;710,247;228,248;92,249;664,250;939,251;491,252;599,253;263,254;25,255;7,256;324,257;842,258;787,259;872,260;596,261;669,262;496,263;38,264;411,265;613,266;681,267;860,268;358,269;752,270;538,271;208,272;816,273;216,274;607,275;364,276;567,277;92,278;821,279;696,280;957,281;936,282;493,283;883,284;268,285;395,286;792,287;425,288;790,289;871,290;573,291;249,292;892,293;283,294;80,295;321,296;821,297;827,298;24,299;452,300;851,301;679,302;579,303;61,304;202,305;372,306;636,307;74,308;288,309;666,310;734,311;60,312;618,313;870,314;635,315;713,316;607,317;48,318;958,319;971,320;169,321)
insertion()
shell(7,5,3)
shell(2)
shell(9,3,1)
merge_sort()
quick_sort()
partition(0)
partition(107)
partition(161)
partition(321)
set(99,0;72,1;636,2;542,3;48,4;952,5;634,6;630,7;181,8;235,9;211,10;168,11;213,12;582,13;70,14;446,15;733,16;863,17;552,18;983,19;363,20;339,21;333,22;649,23;29,24;674,25;278,26;915,27;999,28;662,29;280,30;537,31;155,32;673,33;509,34;630,35;600,36;405,37;766,38;157,39;830,40;402,41;793,42;501,43;928,44;363,45;802,46;659,47;661,48;980,49;195,50;195,51;222,52;682,53;603,54;705,55;229,56;688,57;627,58;577,59;776,60;744,61;585,62;976,63;651,64;255,65;358,66;88,67;676,68;715,69;185,70;112,71;992,72;378,73;864,74;699,75;282,76;1000,77;751,78;205,79;930,80;427,81;151,82;134,83;148,84;796,85;377,86;185,87;937,88;405,89;902,90;152,91;86,92;420,93;316,94;283,95;780,96;149,97;52,98;323,99;143,100;203,101;193,102;881,103;921,104;985,105;384,106;667,107;455,108;140,109;922,110;148,111;476,112;32,113;888,114;622,115;670,116;87,117;984,118;735,119;405,120;3,121;59,122;660,123;922,124;976,125;633,126;807,127;698,128;998,129;203,130;447,131;432,132;451,133;826,134;276,135;18,136;320,137;966,138;851,139;855,140;884,141;724,142;553,143;547,144;879,145;549,146;24,147;380,148;603,149;9,150;596,151;202,152;664,153;91,154;953,155;230,156;342,157;392,158;821,159;409,160;927,161;816,162;376,163;830,164;847,165;540,166;22,167;61,168;841,169;95,170;16,171;388,172;577,173;816,174;395,175;822,176;411,177;837,178;692,179;382,180;909,181;942,182;486,183;995,184;873,185;105,186;863,187;936,188;458,189;54,190;458,191;232,192;257,193;361,194;201,195;159,196;445,197;753,198;741,199;680,200;746,201;168,202;183,203;225,204;994,205;252,206;140,207;407,208;861,209;147,210;403,211;406,212;551,213;962,214;842,215;951,216;520,217;865,218;99,219;669,220;403,221;88,222;757,223;932,224;593,225;871,226;343,227;409,228;559,229;848,230;472,231;428,232;8,233;288,234;276,235;770,236;0,237;820,238;882,239;177,240;420,241;381,242;408,243;26,244;636,245;523,246;248,247;556,248;784,249;717,250;741,251;616,252;798,253;694,254;228,255;575,256;279,257;569,258;436,259;278,260;580,261;520,262;802,263;567,264;63,265;168,266;128,267;340,268;389,269;781,270;933,271;505,272;33,273;302,274;430,275;670,276;371,277;793,278;28,279;748,280;28,281;495,282;953,283;48,284;921,285;376,286;762,287;11,288;322,289;18,290;894,291;285,292;106,293;198,294;236,295;410,296;820,297;842,298;119,299;802,300;409,301;337,302;197,303;379,304;699,305;754,306;303,307;746,308;148,309;856,310;3,311;252,312;255,313;581,314;908,315;882,316;369,317;712,318;372,319;357,320;904,321;788,322;381,323;396,324;774,325;300,326;952,327;169,328;347,329;723,330;31,331;881,332;711,333;779,334;999,335;304,336;458,337;425,338;720,339;251,340;784,341;116,342;125,343;154,344;737,345;614,346;44,347;776,348;144,349;970,350;901,351;609,352;751,353;106,354;534,355;25,356;41,357;670,358;645,359;907,360;713,361;477,362;425,363;655,364;951,365;712,366;408,367;885,368;893,369;494,370;439,371;324,372;976,373;77,374;248,375;841,376;876,377;434,378;501,379;280,380;316,381;183,382;325,383;924,384;42,385;22,386;953,387;316,388;198,389;72,390;980,391;617,392;209,393;481,394;649,395;936,396;827,397;290,398;476,399;722,400;560,401;864,402;1,403;391,404;824,405;878,406;397,407;283,408;930,409;7,410;616,411;679,412;415,413;818,414;441,415;619,416;602,417;860,418;242,419;272,420;704,421;901,422;523,423;315,424;692,425;546,426;829,427;271,428;126,429;45,430;914,431;305,432;193,433;29,434;136,435;995,436;884,437;77,438;159,439;899,440;34,441;740,442;827,443;53,444;944,445;173,446;619,447;42,448;129,449;857,450;779,451;341,452;540,453;322,454;46,455;319,456;430,457;438,458;161,459;594,460;649,461;770,462;96,463;544,464;668,465;987,466;42,467;302,468;494,469;963,470;659,471;256,472;443,473;355,474;963,475;626,476;53,477;777,478;807,479;625,480;663,481;416,482;69,483;765,484;479,485;817,486;73,487;624,488;500,489;12,490;694,491;294,492;148,493;264,494;658,495;960,496;843,497;7,498;466,499;577,500;359,501;806,502;393,503;722,504;678,505;474,506;477,507;195,508;917,509;488,510;902,511;980,512;272,513;68,514;573,515;986,516;611,517;152,518;315,519;998,520;386,521;276,522;836,523;0,524;300,525;480,526;971,527;632,528;887,529;285,530;435,531;955,532;440,533;587,534;801,535;257,536;275,537;834,538;820,539;246,540;432,541;477,542;820,543;897,544;859,545;137,546;797,547;384,548;653,549;834,550;903,551;831,552;778,553;335,554;353,555;453,556;640,557;301,558;56,559;567,560;825,561;457,562;254,563;744,564;390,565;746,566;98,567;365,568;903,569;262,570;474,571;528,572;500,573;327,574;160,575;989,576;964,577;997,578;380,579;737,580;426,581;686,582;954,583;907,584;308,585;913,586;84,587;358,588;1,589;761,590;370,591;694,592;364,593;503,594;409,595;85,596;580,597;747,598;302,599;725,600;444,601;277,602;434,603;133,604;694,605;13,606;353,607;643,608;445,609;336,610;203,611;282,612;84,613;785,614;331,615;142,616;358,617;77,618;78,619;85,620;734,621;627,622;818,623;712,624;846,625;420,626;774,627;516,628;539,629;903,630;959,631;282,632;144,633;189,634;571,635;446,636;549,637;198,638;383,639;395,640;203,641;905,642;270,643;413,644;580,645;476,646;689,647;251,648;273,649;439,650;696,651;586,652;999,653;561,654;894,655;883,656;443,657;855,658;502,659;56,660;472,661;152,662;667,663;937,664;779,665;22,666;884,667;526,668;82,669;559,670;721,671;531,672;73,673;610,674;68,675;20,676;511,677;514,678;934,679;262,680;605,681;915,682;516,683;896,684;30,685;116,686;253,687;29,688;193,689;171,690;38,691;415,692;644,693;249,694;225,695;407,696;447,697;392,698;743,699;180,700;767,701;624,702;902,703;523,704;320,705;950,706;291,707;309,708;261,709;568,710;365,711;677,712;589,713;163,714;657,715;53,716;583,717;361,718;496,719;761,720;652,721;317,722;637,723;391,724;477,725;912,726;199,727;421,728;538,729;687,730;341,731;660,732;564,733;433,734;676,735;191,736;395,737;313,738;237,739;662,740;970,741;613,742;51,743;219,744;441,745;975,746;304,747;487,748;420,749;71,750;878,751;351,752;949,753;683,754;517,755;227,756;963,757;797,758;595,759;574,760;449,761;474,762;568,763;114,764;983,765;102,766;781,767;405,768;404,769;876,770;278,771;814,772;172,773;294,774;675,775;375,776;834,777;41,778;972,779;843,780;55,781;15,782;341,783;410,784;870,785;78,786;920,787;233,788;31,789;673,790;305,791;281,792;649,793;378,794;374,795;668,796;334,797;831,798;0,799;3,800;221,801;674,802;430,803;57,804;690,805;212,806;588,807;247,808;859,809;602,810;61,811;587,812;302,813;604,814;826,815;808,816;48,817;345,818;520,819;580,820;978,821;453,822;642,823;491,824;715,825;160,826;89,827;473,828;371,829;676,830;461,831;140,832;593,833;625,834;820,835;193,836;277,837;587,838;334,839;809,840;432,841;9,842;271,843;495,844;550,845;362,846;71,847;654,848;991,849;735,850;329,851;755,852;383,853;142,854;613,855;966,856;225,857;794,858;41,859;64,860;56,861;106,862;332,863;58,864;769,865;942,866;879,867;103,868;94,869;404,870;168,871;430,872;80,873;123,874;497,875;226,876;941,877;979,878;601,879;226,880;565,881;996,882;174,883;176,884;351,885;498,886;729,887;951,888;251,889;323,890;949,891;841,892;164,893;509,894;251,895;371,896;665,897;153,898;264,899;204,900;296,901;828,902;638,903;116,904;209,905;148,906;855,907;80,908;483,909;108,910;894,911;377,912;75,913;413,914;58,915;714,916;733,917;124,918;561,919;390,920;843,921;893,922;998,923;638,924;90,925;393,926;973,927;85,928;881,929;894,930;829,931;301,932;625,933;993,934;239,935;728,936;504,937;305,938;136,939;519,940;916,941;429,942;917,943;197,944;24,945;418,946;321,947;483,948;709,949;831,950;768,951;878,952;106,953;602,954;814,955;981,956;618,957;253,958;411,959;542,960;113,961;884,962;721,963;596,964;922,965;997,966;361,967;795,968;399,969;582,970;496,971;426,972;377,973;28,974;75,975;725,976;841,977;25,978;382,979;938,980;985,981;346,982;698,983;291,984;696,985;914,986;124,987;566,988;96,989;535,990;658,991;343,992;981,993;223,994;962,995;71,996;884,997;708,998;54,999;313,1000)
insertion()
shell(7,5,3)
shell(2)
shell(9,3,1)
merge_sort()
quick_sort()
partition(0)
partition(333)
partition(500)
partition(1000)
quit()
